Relation Edges
From To
2 1 1.99994653275
3 2283 1.99893841982
3 3748 1.99973247554
3 6 1.99964590068
3 7 1.9997261293
3 8 1.99947630256
3 9 1.99946270381
3 10 1.99976506383
3 11 1.99961551847
3 12 1.99970283149
3 13 1.9994860282
3 14 1.99946294044
3 16 1.99957401419
3 17 1.99950250171
3 18 1.99975800454
4 3 1.99959549972
4 7051 1.9906411333
4 6286 1.99567411559
4 1424 1.98962596398
4 2323 1.99237766243
4 4380 1.99944997012
4 3487 1.98903175806
4 2340 1.99260733492
4 3493 1.98653375704
4 6952 1.99311602537
4 1450 1.9910189715
4 4395 1.99879297921
4 4018 1.99005541843
4 6963 1.9930265038
4 3894 1.99472268456
4 1720 1.99707227948
4 5819 1.9972601028
4 5054 1.99974142619
4 4672 1.99288081374
4 4168 1.9991939564
4 3403 1.99393937191
4 3364 1.98943470271
4 4703 1.99848431801
4 5097 1.99916813525
4 3441 1.99496216703
4 126 1.99942511751
4 7034 1.99408305578
4 4734 1.99943987598
5 3 1.99949585113
5 3718 1.99756867379
5 2311 1.99431166117
5 5773 1.99834168369
5 2704 1.98481784691
5 409 1.99450687552
5 4124 1.99962767263
5 3487 1.98893210947
5 4512 1.99966072951
5 3493 1.98643410844
5 1450 1.99091932291
5 4395 1.99869333062
5 4652 1.99592629059
5 4018 1.98995576984
5 3246 1.99822433899
5 4402 1.9990019761
5 5819 1.99716045421
5 2493 1.99900136737
5 5322 1.9964141205
5 4046 1.9979596729
5 1745 1.99192962887
5 2516 1.99958572934
5 4959 1.99931261923
5 4539 1.99930968894
5 3441 1.99486251844
5 3830 1.99869785776
5 2297 1.99695259808
5 126 1.99932546892
6 1792 1.99970655878
6 3 1.99964590068
6 3718 1.99771872334
6 4652 1.99607634014
6 5773 1.99849173324
6 2704 1.98496789646
6 1745 1.99207967842
6 126 1.99947551847
6 3487 1.98908215902
7 3 1.9997261293
7 3493 1.98666438661
7 1450 1.99114960108
7 4018 1.990186048
7 3402 1.99162333169
7 1693 1.99563806563
7 3487 1.98916238764
8 6656 1.99617376473
8 513 1.99803759193
8 3842 1.9978105787
8 3 1.99947630256
8 5002 1.99894922166
8 7051 1.99052193614
8 6286 1.99555491844
8 1424 1.98950676682
8 2323 1.99225846527
8 5276 1.99586199136
8 3487 1.9889125609
8 2340 1.99248813776
8 7333 1.9965848162
8 3364 1.98931550555
8 4380 1.99933077296
8 3887 1.99129135802
8 4018 1.98993622127
8 6963 1.99290730664
8 3894 1.9946034874
8 5689 1.99738850122
8 4672 1.99276161658
8 7369 1.99915900892
8 3402 1.99137350496
8 3403 1.99382017475
8 3277 1.99016300035
8 468 1.99520082242
8 6231 1.99852689866
8 3417 1.99403480287
8 5981 1.99833902163
8 4703 1.99836512085
8 3682 1.94438649181
8 4583 1.99624192384
8 5610 1.99930430381
8 3493 1.98641455988
8 7744 1.99201754471
8 2297 1.99693304951
8 762 1.99948861303
8 126 1.99930592035
9 6656 1.99616016598
9 513 1.99802399318
9 3 1.99946270381
9 7051 1.99050833739
9 1424 1.98949316807
9 2323 1.99224486652
9 534 1.99213087995
9 4380 1.99931717421
9 3869 1.99920619171
9 3487 1.98889896215
9 2339 1.99290518282
9 3364 1.9893019068
9 3493 1.98640096113
9 1450 1.99088617559
9 4395 1.9986601833
9 4652 1.99589314327
9 3887 1.99127775927
9 4018 1.98992262252
9 6963 1.99289370789
9 3894 1.99458988865
9 5689 1.99737490247
9 3402 1.99135990621
9 4672 1.99274801783
9 5442 1.99746240902
9 4790 1.99725886867
9 7496 1.99514643744
9 5322 1.99638097318
9 3403 1.993806576
9 3277 1.9901494016
9 468 1.99518722367
9 3417 1.99402120412
9 4602 1.99918360161
9 4703 1.9983515221
9 3682 1.94437289306
9 4583 1.99622832509
9 6640 1.99304428528
9 7744 1.99200394596
9 4473 1.99956267737
9 7034 1.99395025987
9 126 1.9992923216
10 3 1.99976506383
11 3 1.99961551847
11 6286 1.99569413435
11 2323 1.99239768118
11 409 1.99462654286
11 3487 1.98905177681
11 3364 1.98945472146
11 3493 1.98655377579
11 1450 1.99103899025
11 3887 1.99143057393
11 4018 1.99007543718
11 3894 1.99474270331
11 3907 1.99955956573
11 3402 1.99151272087
11 3403 1.99395939066
11 3277 1.99030221626
11 468 1.99534003833
11 4602 1.99933641627
11 4583 1.99638113975
11 4734 1.99945989473
11 3830 1.9988175251
11 2297 1.99707226542
11 7034 1.99410307453
11 126 1.99944513626
12 3 1.99970283149
12 3493 1.98664108881
12 2311 1.99451864154
12 1450 1.99112630327
12 3403 1.99404670369
12 4018 1.9901627502
12 2297 1.99715957844
12 3402 1.99160003389
12 3487 1.98913908984
13 6656 1.99618349037
13 3 1.9994860282
13 7051 1.99053166178
13 5773 1.99833186076
13 6286 1.99556464408
13 1424 1.98951649246
13 2323 1.99226819091
13 791 1.99946443452
13 4380 1.9993404986
13 3487 1.98892228654
13 2339 1.99292850721
13 3364 1.98932523119
13 3493 1.98642428552
13 1450 1.99090949998
13 4395 1.99868350769
13 4018 1.98994594691
13 6963 1.99291703228
13 3894 1.99461321304
13 1720 1.99696280796
13 5689 1.99739822686
13 4672 1.99277134222
13 3907 1.99943007545
13 3402 1.9913832306
13 3403 1.99382990039
13 3277 1.99017272599
13 4046 1.99794984997
13 5202 1.99595154883
13 6231 1.9985366243
13 3417 1.99404452851
13 4602 1.999206926
13 4703 1.99837484649
13 4583 1.99625164948
13 5097 1.99905866374
13 6640 1.99306760967
13 3441 1.99485269551
13 2297 1.99694277515
13 7034 1.99397358426
13 126 1.99931564599
14 3 1.99946294044
14 3718 1.9975357631
14 4617 1.99949429446
14 7051 1.99050857402
14 782 1.99923736715
14 1424 1.9894934047
14 2323 1.99224510315
14 791 1.99944134676
14 409 1.99447396482
14 4124 1.99959476194
14 3487 1.98889919878
14 3364 1.98930214343
14 3493 1.98640119775
14 1450 1.99088641222
14 4523 1.99955953389
14 4653 1.99947616612
14 4782 1.99953019838
14 3887 1.9912779959
14 4530 1.9996066624
14 3894 1.99459012528
14 4681 1.99487956307
14 5689 1.99737513909
14 4703 1.99835175873
14 5819 1.99712754351
14 3402 1.99136014283
14 4672 1.99274825446
14 4933 1.9995278175
14 7496 1.99514667407
14 585 1.99910996321
14 5322 1.99638120981
14 3403 1.99380681263
14 4046 1.99792676221
14 5202 1.99592846107
14 5592 1.99928256411
14 4018 1.98992285914
14 4061 1.99942749542
14 4959 1.99927970854
14 126 1.99929255823
14 759 1.99956253227
14 4734 1.99930731669
15 3 1.99977751235
16 3 1.99957401419
16 6286 1.99565263006
16 1424 1.98960447845
16 2323 1.9923561769
16 409 1.99458503858
16 4380 1.99942848459
16 3487 1.98901027253
16 2339 1.99301649319
16 2340 1.99258584938
16 3493 1.9865122715
16 4395 1.99877149368
16 4782 1.99964127214
16 3887 1.99138906965
16 4018 1.9900339329
16 6963 1.99300501827
16 5689 1.99748621285
16 4672 1.99285932821
16 3907 1.99951806144
16 3402 1.99147121658
16 3403 1.99391788638
16 3277 1.99026071198
16 5202 1.99603953482
16 3364 1.98941321718
16 4583 1.99633963547
16 3441 1.9949406815
16 4602 1.99929491199
17 513 1.99806379108
17 3842 1.99783677785
17 3 1.99950250171
17 7172 1.99907600266
17 7051 1.99054813529
17 5773 1.99834833427
17 1424 1.98953296597
17 2323 1.99228466442
17 4380 1.99935697211
17 3487 1.98893876005
17 2340 1.9925143369
17 3493 1.98644075902
17 3364 1.9893417047
17 6952 1.99302302736
17 1450 1.99092597349
17 4395 1.9986999812
17 3887 1.99131755717
17 4018 1.98996242042
17 6963 1.99293350579
17 3894 1.99462968655
17 5689 1.99741470036
17 698 1.99945173336
17 2493 1.99900801795
17 7744 1.99204374385
17 3907 1.99944654896
17 4681 1.99491912434
17 3402 1.9913997041
17 3403 1.9938463739
17 3277 1.9901891995
17 5202 1.99596802234
17 2136 1.99658734926
17 3417 1.99406100202
17 4602 1.99922339951
17 4583 1.99626812299
17 5097 1.99907513724
17 3441 1.99486916902
17 757 1.99958273043
17 3830 1.99870450834
17 2297 1.99695924866
17 7034 1.99399005776
17 126 1.9993321195
18 3 1.99975800454
19 3 1.99977751235
20 32 1.99918239914
20 33 1.99918239914
20 34 1.99918239914
20 35 1.99915646793
20 36 1.99918239914
20 37 1.99891615466
20 38 1.99892563787
20 23 1.99918239914
20 24 1.99918239914
20 25 1.99918239914
20 26 1.99918239914
20 27 1.99918239914
20 28 1.99918239914
20 29 1.99917600307
20 30 1.99918239914
20 31 1.99918239914
21 20 1.99922292115
22 20 1.99922292115
23 20 1.99918239914
24 20 1.99918239914
25 20 1.99918239914
26 20 1.99918239914
27 20 1.99918239914
28 20 1.99918239914
29 20 1.99917600307
30 20 1.99918239914
31 20 1.99918239914
32 20 1.99918239914
33 20 1.99918239914
34 20 1.99918239914
35 1450 1.99113453091
35 20 1.99915646793
35 3402 1.99160826152
36 20 1.99918239914
36 534 1.99240516648
37 7051 1.99051637944
37 5773 1.99831657842
37 2704 1.98479274164
37 2323 1.99225290857
37 20 1.99891615466
37 409 1.99448177025
37 3887 1.99128580132
37 3487 1.9889070042
37 2339 1.99291322486
37 2340 1.99248258105
37 3493 1.98640900317
37 3364 1.98930994885
37 1450 1.99089421764
37 4782 1.99953800381
37 2223 1.99955530268
37 4018 1.98993066457
37 5689 1.99738294452
37 2493 1.99897626211
37 7744 1.99201198801
37 4681 1.99488736849
37 3403 1.99381461805
37 3277 1.99015744365
37 5202 1.99593626649
37 3417 1.99402924617
37 762 1.99948305633
37 3680 1.99947587454
37 1424 1.98950121012
37 3682 1.94438093511
37 2661 1.9994588658
37 5097 1.99904338139
37 361 1.99922029634
37 4473 1.99957071942
37 7034 1.99395830192
38 4617 1.99951158309
38 1931 1.9995562453
38 1424 1.98951069333
38 2323 1.99226239178
38 20 1.99892563787
38 3246 1.99820871693
38 534 1.99214840522
38 409 1.99449125346
38 7834 1.99923080199
38 1823 1.99959026201
38 2339 1.99292270808
38 2340 1.99249206427
38 3493 1.98641848639
38 6952 1.99300075473
38 1450 1.99090370085
38 4018 1.98994014778
38 4782 1.99954748702
38 3887 1.99129528453
38 3633 1.99945088554
38 4530 1.99962395104
38 6963 1.99291123315
38 3894 1.99460741391
38 698 1.99942946073
38 3487 1.98891648741
38 4672 1.99276554309
38 4933 1.99954510614
38 3402 1.99137743147
38 3403 1.99382410126
38 718 1.9994082829
38 4689 1.99751499829
38 5202 1.99594574971
38 4046 1.99794405084
38 3364 1.98931943206
38 5981 1.99834294814
38 361 1.99922977955
38 6640 1.99306181054
38 3441 1.99484689638
38 7034 1.99396778513
38 638 1.99946055457
39 20 1.99921771543
40 20 1.99922292115
41 45 1.98648201865
41 46 1.98648632922
41 47 1.98651006625
41 51 1.98649254747
41 56 1.9864900028
41 64 1.98651006625
41 67 1.98648241076
41 68 1.98641527247
41 69 1.98650393419
41 71 1.98651006625
41 72 1.98649848469
41 77 1.98649639887
41 78 1.98650626063
41 83 1.98648881443
41 89 1.98651006625
41 90 1.98648044541
41 96 1.98651006625
41 103 1.98651006625
41 106 1.98649476921
41 111 1.98650143749
41 4222 1.98649866409
41 127 1.98651006625
41 128 1.98648259116
41 129 1.98651006625
41 130 1.98651006625
41 133 1.98651006625
41 135 1.98651006625
41 139 1.98650626063
41 140 1.98651006625
41 141 1.98650143749
41 142 1.98651006625
41 146 1.98649711734
41 148 1.98649259911
41 157 1.98650393419
41 159 1.98651006625
41 165 1.98649530543
41 167 1.98651006625
41 168 1.98649958277
41 169 1.98651006625
41 173 1.98649530543
41 174 1.98651006625
41 175 1.98649197208
41 6320 1.98649246128
41 179 1.98650393419
41 184 1.98651006625
41 186 1.98650393419
41 187 1.98644354811
41 190 1.98651006625
41 191 1.98651006625
41 193 1.98651006625
41 195 1.98651006625
41 196 1.98651006625
41 199 1.98651006625
41 200 1.98650143749
41 201 1.98650143749
41 204 1.98650393419
41 205 1.98649530543
41 210 1.98651006625
41 214 1.98650626063
41 215 1.98651006625
41 216 1.98651006625
41 218 1.98649673526
41 223 1.98648174829
41 225 1.98651006625
41 226 1.98650143749
41 227 1.98651006625
41 228 1.98648932808
41 231 1.98650143749
41 233 1.98651006625
41 234 1.98651006625
41 236 1.98651006625
41 237 1.98651006625
41 238 1.98648725556
41 239 1.98651006625
41 243 1.98629517257
41 244 1.9864990776
41 245 1.98651006625
41 247 1.98651006625
41 248 1.9865068204
41 249 1.98648238859
41 250 1.98649763187
41 251 1.98651006625
41 253 1.98651006625
41 255 1.98649693255
41 256 1.98650143749
41 258 1.98650626063
41 259 1.98651006625
41 260 1.98651006625
41 262 1.98651006625
41 264 1.98651006625
41 266 1.98651006625
41 267 1.98651006625
41 268 1.98650393419
41 271 1.98651006625
41 272 1.98644165238
41 274 1.98651006625
41 275 1.98651006625
41 277 1.98643688122
41 278 1.98651006625
41 280 1.98650393419
41 281 1.98645232494
41 282 1.98644554274
41 283 1.98649763187
41 284 1.98650393419
41 286 1.98650393419
41 287 1.98649885447
41 288 1.98650393419
41 289 1.98649362932
41 290 1.98644422027
41 291 1.98651006625
41 292 1.98650393419
41 293 1.9864904343
41 294 1.98651006625
41 295 1.98650367018
41 296 1.98651006625
41 297 1.98650245017
41 298 1.98651006625
41 299 1.98649514133
41 6444 1.98607576037
41 301 1.98651006625
41 302 1.98651006625
41 303 1.98646436991
41 304 1.98650626063
41 305 1.98650479629
41 306 1.98649394446
41 307 1.98650300697
41 308 1.98650683395
41 309 1.98650393419
41 311 1.98650012857
41 312 1.98651006625
41 313 1.9864968749
41 316 1.98651006625
41 317 1.98649600533
41 320 1.98646778613
41 321 1.98639809298
41 322 1.98646801369
41 324 1.98649763187
41 325 1.9864825236
41 326 1.98650393419
41 327 1.98651006625
41 328 1.98651006625
41 330 1.98651006625
41 331 1.98651006625
41 333 1.98636831376
41 335 1.98650290826
41 336 1.98651006625
41 337 1.98631111857
41 338 1.98646774629
41 340 1.98650393419
41 342 1.98643537792
41 343 1.98631983146
41 344 1.98649652803
41 345 1.98618991074
41 346 1.98651006625
41 347 1.98648553951
41 348 1.98650143749
41 349 1.98650393419
41 350 1.98650563162
41 351 1.98650565097
41 352 1.98651006625
41 353 1.98650143749
41 354 1.98647589904
41 355 1.98651006625
41 356 1.98650318333
41 357 1.98649246128
41 358 1.98650479629
41 359 1.98650626063
41 360 1.98651006625
41 361 1.98609806934
41 362 1.98649530543
41 363 1.98649763187
41 364 1.98651006625
41 365 1.98651006625
41 366 1.98650318333
41 367 1.98647661197
41 368 1.98651006625
41 369 1.98650143749
41 370 1.98651006625
41 372 1.98650143749
41 373 1.98650577375
41 376 1.98649639887
41 377 1.98651006625
41 378 1.98651006625
41 379 1.98643322509
41 380 1.98651006625
41 381 1.98650393419
41 382 1.9865005038
41 383 1.98651006625
41 384 1.98650393419
41 385 1.98649354117
41 386 1.98650143749
41 387 1.98651006625
41 388 1.98643506477
41 390 1.98650143749
41 391 1.98651006625
41 392 1.98650393419
41 393 1.98651006625
41 394 1.98648938678
41 395 1.98648598539
41 396 1.98648408265
41 399 1.98651006625
41 400 1.98651006625
41 401 1.98651006625
41 402 1.98643349409
41 403 1.98647858723
41 405 1.98648599815
41 407 1.98649530543
41 408 1.98650143749
41 409 1.98135954325
41 410 1.98650393419
41 411 1.98651006625
41 412 1.98647899386
41 413 1.98651006625
41 414 1.98643225558
41 415 1.98651006625
41 417 1.98650563162
41 418 1.98650012857
41 420 1.98647986489
41 421 1.98650563162
41 422 1.98636805582
41 423 1.98646161628
41 425 1.98649763187
41 426 1.98650143749
41 427 1.98650393419
41 428 1.98650393419
41 429 1.98650393419
41 430 1.98648889384
41 431 1.98651006625
41 432 1.98646290185
41 433 1.98640889974
41 434 1.98651006625
41 435 1.98651006625
41 437 1.98651006625
41 438 1.98651006625
41 439 1.98646448789
41 440 1.98650143749
41 441 1.98637125702
41 442 1.98649050168
41 443 1.98630083876
41 444 1.98651006625
41 445 1.98651006625
41 446 1.9862745125
41 448 1.98648919824
41 450 1.98649664784
41 451 1.98650577375
41 6596 1.98644483256
41 453 1.98650143749
41 454 1.98650577375
41 455 1.98634384332
41 456 1.98638862273
41 457 1.98651006625
41 458 1.98650300697
41 459 1.9865020187
41 460 1.98651006625
41 462 1.98649419187
41 463 1.98648887693
41 464 1.98649429631
41 465 1.98651006625
41 467 1.98651006625
41 468 1.98207303873
41 469 1.98651006625
41 470 1.98651006625
41 471 1.98632291397
41 472 1.98651006625
41 475 1.98649513578
41 476 1.98648429624
41 2525 1.98650393419
41 478 1.98634239067
41 479 1.98648968623
41 480 1.98647431564
41 481 1.98651006625
41 482 1.98649763187
41 485 1.98648907068
41 486 1.98650393419
41 487 1.98651006625
41 488 1.98649763187
41 489 1.98651006625
41 491 1.98649901291
41 492 1.98650143749
41 493 1.98649647523
41 494 1.98651006625
41 495 1.98648009447
41 496 1.98651006625
41 497 1.98651006625
41 498 1.98650143749
41 499 1.98650318333
41 500 1.98651006625
41 501 1.98651006625
41 502 1.98651006625
41 503 1.98651006625
41 504 1.98651006625
41 505 1.98649763187
41 506 1.98651006625
41 507 1.98648709378
41 508 1.98651006625
41 509 1.98651006625
41 510 1.98650626063
41 512 1.98651006625
41 513 1.98490980824
41 514 1.98651006625
41 515 1.98650626063
41 516 1.98651006625
41 517 1.98632913572
41 518 1.98651006625
41 519 1.98651006625
41 520 1.98650626063
41 521 1.98644935721
41 522 1.98648431566
41 523 1.98644961315
41 524 1.98651006625
41 2573 1.98645820031
41 526 1.98651006625
41 527 1.98651006625
41 528 1.98649763187
41 530 1.9865013309
41 531 1.98648816457
41 532 1.98651006625
41 533 1.98648677224
41 534 1.97901669501
41 535 1.98649133571
41 536 1.98649231843
41 537 1.98651006625
41 538 1.98647360632
41 539 1.98651006625
41 540 1.98651006625
41 541 1.98643652743
41 542 1.98651006625
41 543 1.98651006625
41 544 1.98651006625
41 545 1.98648637303
41 546 1.98651006625
41 547 1.98640422598
41 548 1.98644112602
41 549 1.98651006625
41 550 1.98649275877
41 551 1.98650143749
41 552 1.98649389381
41 553 1.98648651257
41 554 1.98644688848
41 555 1.98649652803
41 556 1.98599437407
41 558 1.98649443585
41 559 1.9864146921
41 560 1.98648651257
41 561 1.98649495798
41 562 1.98648974598
41 563 1.98651006625
41 564 1.98629699098
41 565 1.98650143749
41 566 1.9864700555
41 568 1.98648283357
41 569 1.98648666402
41 571 1.98650744126
41 572 1.9864968749
41 573 1.98626088501
41 575 1.98631040724
41 576 1.98649156737
41 577 1.98651006625
41 578 1.98649763187
41 579 1.98651006625
41 580 1.98651006625
41 581 1.9864963181
41 582 1.98639335715
41 583 1.98647426677
41 584 1.98649769943
41 585 1.98599554164
41 586 1.98647345659
41 587 1.98651006625
41 588 1.98649430696
41 589 1.98649333938
41 590 1.98650143749
41 4687 1.98645766726
41 592 1.98651006625
41 593 1.98650626063
41 594 1.98651006625
41 595 1.98650143749
41 596 1.98650393419
41 597 1.98651006625
41 599 1.98650626063
41 600 1.98651006625
41 601 1.98645309999
41 602 1.98650143749
41 603 1.9864135024
41 604 1.98651006625
41 605 1.98651006625
41 606 1.98650143749
41 607 1.98626943517
41 608 1.986000229
41 609 1.98650393419
41 610 1.98649530543
41 611 1.98651006625
41 612 1.98650626063
41 613 1.98651006625
41 614 1.98650318333
41 615 1.98647224738
41 616 1.986497145
41 618 1.98650286732
41 619 1.98643978015
41 620 1.98651006625
41 622 1.98649769943
41 624 1.98650393419
41 625 1.98650626063
41 626 1.98617884874
41 627 1.98651006625
41 628 1.98651006625
41 629 1.98650393419
41 630 1.986497145
41 631 1.98649530543
41 632 1.98650143749
41 633 1.98645265015
41 634 1.98649716888
41 635 1.98650393419
41 636 1.98649857483
41 637 1.98649530543
41 638 1.98632884436
41 639 1.98651006625
41 640 1.98650012857
41 641 1.98647061693
41 642 1.98650626063
41 643 1.98642957118
41 644 1.98647000105
41 645 1.98649703377
41 646 1.98651006625
41 647 1.98649514133
41 648 1.98618322862
41 649 1.9864877342
41 650 1.9864956131
41 652 1.98650948415
41 653 1.98642145581
41 654 1.98649437821
41 655 1.98651006625
41 657 1.98651006625
41 658 1.9864879407
41 659 1.98648651257
41 660 1.98649288113
41 661 1.98651006625
41 662 1.98642180281
41 663 1.98651006625
41 664 1.98649516588
41 452 1.98650143749
41 666 1.98636229522
41 667 1.98644317664
41 668 1.98649900892
41 669 1.98649495798
41 670 1.98650393419
41 671 1.98651006625
41 672 1.98645233357
41 673 1.98636095145
41 674 1.98650109004
41 675 1.98650393419
41 676 1.98650143749
41 677 1.98649700286
41 678 1.98643273881
41 679 1.9864657197
41 680 1.98648600512
41 681 1.98631696289
41 682 1.98650143749
41 683 1.98648335145
41 684 1.98649255357
41 685 1.98651006625
41 686 1.98650300697
41 688 1.98638025742
41 689 1.98647153187
41 690 1.98645739422
41 691 1.98649769943
41 692 1.98641446434
41 693 1.986495992
41 694 1.9864719452
41 695 1.98651006625
41 696 1.98650405923
41 697 1.98629378795
41 698 1.98629775052
41 699 1.98526890774
41 700 1.98649057497
41 701 1.9863596411
41 702 1.98649613413
41 477 1.98650393419
41 4577 1.98641195939
41 903 1.98621695334
41 525 1.98651006625
41 2597 1.98598885275
41 5377 1.98651006625
41 4652 1.98277895833
41 7496 1.9820322525
41 7525 1.98647487317
41 591 1.98650286732
41 7670 1.98637438814
41 2303 1.98596321192
41 7425 1.98651006625
41 665 1.98636204325
42 7496 1.99546124598
42 41 1.98653348563
42 409 1.99478853674
42 585 1.99942453513
43 41 1.98650938116
43 534 1.99242158402
44 7744 1.9923187545
44 41 1.98653348563
45 41 1.98648201865
45 4580 1.99914142946
45 534 1.99239422152
46 41 1.98648632922
46 699 1.99865074481
46 4652 1.9961607954
46 534 1.99239853208
46 585 1.99937737871
47 41 1.98651006625
48 41 1.98653348563
48 534 1.9924456885
49 7744 1.9923187545
49 41 1.98653348563
49 6148 1.99928407528
50 7496 1.99545511392
50 41 1.98652735357
50 4652 1.99620181975
50 534 1.99243955643
50 585 1.99941840306
50 699 1.99869176916
51 41 1.98649254747
51 5097 1.99930920973
51 4652 1.99616701365
51 585 1.99938359696
52 41 1.98653348563
53 41 1.98652919314
54 41 1.98653348563
54 4652 1.99620795181
55 41 1.98653348563
56 1424 1.98976449378
56 41 1.9864900028
57 6656 1.99628282638
57 7051 1.99063099779
57 6286 1.99566398008
57 1424 1.98961582847
57 2322 1.99958849883
57 2323 1.99236752692
57 534 1.99225354035
57 3417 1.99414386452
57 3487 1.98902162255
57 2339 1.99302784321
57 2340 1.9925971994
57 3493 1.98652362152
57 6952 1.99310588986
57 41 1.98634133749
57 3887 1.99140041967
57 4018 1.99004528292
57 6963 1.99301636829
57 1720 1.99706214397
57 5819 1.99724996729
57 7744 1.99212660635
57 7496 1.99526909784
57 3402 1.9914825666
57 3277 1.990272062
57 5202 1.99605088484
57 3364 1.9894245672
57 3441 1.99495203152
57 7034 1.99407292026
58 41 1.98653348563
59 41 1.98652882512
59 4668 1.99934562702
60 41 1.98653348563
60 513 1.99833880172
61 41 1.98650427738
61 4018 1.99020822281
61 957 1.99976666922
61 638 1.9997286296
61 3493 1.98668656142
62 41 1.98653348563
62 409 1.99478853674
63 41 1.98652485687
63 699 1.99868927247
64 41 1.98651006625
65 3364 1.98955789087
65 3493 1.9866569452
65 41 1.98647466116
65 3402 1.99161589028
65 3403 1.99406256008
65 3887 1.99153374335
65 1424 1.98974915214
65 4018 1.99017860659
65 409 1.99472971227
65 1693 1.99563062422
65 3487 1.98915494623
66 7496 1.99545511392
66 41 1.98652735357
66 534 1.99243955643
67 41 1.98648241076
67 1450 1.99114990926
67 699 1.99864682635
67 409 1.99473746187
68 4672 1.99294461321
68 7744 1.99220054134
68 2339 1.9931017782
68 2340 1.99267113439
68 534 1.99232747533
68 6952 1.99317982485
68 41 1.98641527247
68 7051 1.99070493277
68 2323 1.9924414619
68 3894 1.99478648403
68 6688 1.99583019101
68 3417 1.9942177995
68 5882 1.9995575277
68 699 1.99857968806
68 5981 1.99852201826
69 41 1.98650393419
69 534 1.99241613705
70 41 1.98653348563
71 41 1.98651006625
72 41 1.98649848469
72 638 1.99972283691
73 41 1.98652735357
73 534 1.99243955643
74 41 1.98653348563
75 41 1.98653348563
76 41 1.98653348563
77 1424 1.98977088985
77 41 1.98649639887
77 534 1.99240860174
77 4689 1.99777519481
78 41 1.98650626063
79 41 1.98653348563
80 41 1.98653348563
81 41 1.98653348563
82 7744 1.9923187545
82 41 1.98653348563
83 41 1.98648881443
83 4652 1.99616328061
84 41 1.98653348563
85 41 1.98652735357
85 534 1.99243955643
86 41 1.98652735357
86 534 1.99243955643
87 4708 1.99774746142
87 41 1.98653348563
87 468 1.99550203221
87 534 1.9924456885
87 4681 1.99519413498
87 4697 1.99952504231
87 4539 1.99959135016
88 41 1.98653348563
89 41 1.98651006625
89 361 1.99950364345
90 41 1.98648044541
90 5882 1.99962270064
90 699 1.998644861
90 534 1.99239264827
90 3894 1.99485165697
91 41 1.98652821568
91 2661 1.99976036234
91 2622 1.9992467377
92 7496 1.99545511392
92 41 1.98652735357
92 534 1.99243955643
93 41 1.98652735357
94 41 1.98653348563
95 6688 1.9959414482
95 513 1.99833184575
95 41 1.98652652966
95 5981 1.99863327545
95 4018 1.99023047509
95 7034 1.99425811244
95 4602 1.99949145419
96 41 1.98651006625
97 41 1.98653348563
98 41 1.98652485687
98 699 1.99868927247
99 41 1.98652485687
99 699 1.99868927247
100 41 1.98652485687
100 699 1.99868927247
101 41 1.98652735357
101 534 1.99243955643
102 41 1.98653348563
102 4652 1.99620795181
103 41 1.98651006625
104 41 1.98653348563
104 4652 1.99620795181
105 41 1.98653348563
106 409 1.99474982032
106 41 1.98649476921
106 1450 1.99116226771
106 337 1.99970139563
107 41 1.986515121
107 3403 1.99410301991
107 534 1.99242732387
107 638 1.99973947322
107 513 1.99832043709
108 41 1.98653348563
109 41 1.98653348563
110 2340 1.99269968808
110 3493 1.9866261102
110 2311 1.99450366293
110 41 1.98644382616
110 1450 1.99111132466
110 3887 1.99150290834
110 4018 1.99014777159
110 3364 1.98952705587
110 409 1.99469887727
110 7034 1.99417540894
110 3402 1.99158505528
110 1693 1.99559978922
110 3487 1.98912411123
111 41 1.98650143749
111 699 1.99866585308
112 41 1.98653348563
112 4580 1.99919289643
112 638 1.99975783785
113 41 1.98653348563
114 41 1.98653348563
115 41 1.98652585425
115 7051 1.99081551456
115 337 1.99973248068
116 41 1.98653348563
117 41 1.98653348563
117 4369 1.99918233133
118 41 1.98653348563
119 41 1.98653348563
120 7744 1.99224749559
120 6811 1.99562142059
120 3718 1.99777907611
120 6952 1.9932267791
120 41 1.98646222672
120 4652 1.99613669291
120 6640 1.99328783491
120 534 1.99237442959
120 7034 1.9941938095
120 6491 1.99867876354
121 41 1.98653348563
122 41 1.98651588066
122 699 1.99868029626
122 361 1.99950945786
122 585 1.99940693016
123 41 1.98653348563
124 41 1.98653348563
125 41 1.98653348563
126 1792 1.99948282148
126 2506 1.99776172695
126 4 1.99942511751
126 3589 1.99958056666
126 6 1.99947551847
126 8 1.99930592035
126 300 1.99955820159
126 11 1.99944513626
126 13 1.99931564599
126 14 1.99929255823
126 17 1.9993321195
126 2583 1.99938605842
126 3588 1.99957916328
126 2714 1.99951657782
126 5 1.99932546892
126 3487 1.98885842172
126 1824 1.99939897334
126 1820 1.99949302264
126 1570 1.99951502458
126 2597 1.99906249727
126 3494 1.99953021994
126 2472 1.99948636968
126 41 1.98617813666
126 2220 1.99928429494
126 562 1.99956339049
126 175 1.99956561659
126 689 1.99954517638
126 3634 1.99932877948
126 5811 1.99941306492
126 9 1.9992923216
126 568 1.99955647809
126 697 1.99936743246
126 5435 1.99948483007
126 700 1.99956421948
126 3773 1.99958206177
126 7496 1.99510589701
126 6986 1.99938105866
126 4306 1.99953536638
126 3411 1.9993308763
126 3670 1.99953609448
126 3673 1.99951454585
126 4442 1.99930346281
126 732 1.99932061945
126 2518 1.99936210775
126 2283 1.99876803761
126 2541 1.99881827333
126 4210 1.9994308272
126 1395 1.99928741448
126 7670 1.99944803265
126 7418 1.99944325751
126 2303 1.99903685643
126 4351 1.99934212738
127 41 1.98651006625
128 41 1.98648259116
128 4652 1.99615705734
128 585 1.99937364065
129 41 1.98651006625
130 41 1.98651006625
131 41 1.98652968001
132 41 1.98653348563
133 41 1.98651006625
134 41 1.98653348563
135 41 1.98651006625
136 41 1.98653348563
137 3364 1.98948365961
137 3493 1.98658271394
137 41 1.9864004299
137 1450 1.9910679284
137 3277 1.99033115441
137 6286 1.9957230725
137 3887 1.99145951208
137 1424 1.98967492088
137 3441 1.99501112394
137 5202 1.99610997726
137 2323 1.99242661933
137 3487 1.98908071497
137 3417 1.99420295693
137 5689 1.99755665528
137 7034 1.99413201268
137 2297 1.99710120357
137 3402 1.99154165902
137 4018 1.99010437533
138 41 1.98653348563
138 361 1.99952706283
139 41 1.98650626063
139 4652 1.99618072681
139 337 1.99971288705
140 41 1.98651006625
141 41 1.98650143749
141 699 1.99866585308
142 41 1.98651006625
143 41 1.98652485687
143 699 1.99868927247
143 4652 1.99619932306
144 41 1.98653348563
144 699 1.99869790122
144 4652 1.99620795181
145 1424 1.98978194242
145 41 1.98650745144
145 4652 1.99618191762
146 41 1.98649711734
146 4652 1.99617158352
147 41 1.98650141723
147 4018 1.99020536266
147 6811 1.9956606111
147 2340 1.99275727915
147 534 1.99241362009
148 41 1.98649259911
149 41 1.98653348563
150 6688 1.99586851344
150 513 1.99825891099
150 3682 1.94460781088
150 6952 1.99321814728
150 41 1.9864535949
150 7051 1.99074325521
150 4652 1.99612806108
151 7744 1.99226099799
151 4583 1.99648537712
151 6952 1.99324028149
151 41 1.98647572912
151 5911 1.99882375597
151 4652 1.9961501953
151 6640 1.9933013373
151 5457 1.99904021576
151 6963 1.99315075992
151 534 1.99238793198
151 4681 1.99513637847
151 2297 1.99717650279
151 2493 1.99922527208
152 3364 1.98955069195
152 3493 1.98664974628
152 2311 1.99452729901
152 41 1.98646746224
152 1450 1.99113496074
152 3887 1.99152654442
152 1424 1.98974195322
152 4018 1.99017140767
152 361 1.99946103944
152 409 1.99472251335
152 3402 1.99160869136
152 1693 1.9956234253
152 3487 1.9891477473
153 41 1.98653348563
154 41 1.98653348563
154 361 1.99952706283
155 41 1.98653348563
156 41 1.98653348563
156 638 1.99975783785
156 2622 1.99925200766
157 41 1.98650393419
157 534 1.99241613705
158 41 1.98652919314
159 41 1.98651006625
160 41 1.98652919314
160 699 1.99869360873
160 409 1.99478424424
161 2339 1.99315504375
161 3493 1.98665082206
161 2311 1.99452837479
161 41 1.98646853802
161 1450 1.99113603652
161 2323 1.99249472745
161 534 1.99238074088
161 345 1.99955395662
161 2297 1.99716931169
161 7034 1.9942001208
162 41 1.9865265678
162 3894 1.99489777936
163 41 1.9865215496
163 3402 1.99166277872
163 409 1.99477660071
164 41 1.98649164901
165 41 1.98649530543
165 2339 1.99318181116
166 41 1.98653348563
167 41 1.98651006625
168 7496 1.99542734312
168 41 1.98649958277
168 534 1.99241178564
169 41 1.98651006625
170 41 1.98653348563
170 699 1.99869790122
170 3119 1.99750986186
171 7496 1.99544749784
171 41 1.98651973749
171 534 1.99243194035
171 6952 1.99328428986
172 41 1.98653348563
173 41 1.98649530543
173 4652 1.99616977161
173 534 1.99240750829
174 41 1.98651006625
175 41 1.98649197208
175 126 1.99956561659
176 41 1.98653348563
177 41 1.98649107962
178 41 1.98652354795
178 534 1.99243575081
179 41 1.98650393419
180 41 1.98653348563
181 41 1.98653348563
182 41 1.98653348563
183 41 1.98653348563
183 3403 1.99412138454
184 41 1.98651006625
185 41 1.98653348563
186 41 1.98650393419
186 534 1.99241613705
187 6952 1.99320810049
187 41 1.98644354811
187 3402 1.99158477723
187 7051 1.99073320842
187 3887 1.99150263029
187 4369 1.99909239381
187 3894 1.99481475967
187 409 1.99469859922
187 5276 1.99607326364
188 41 1.98653348563
189 41 1.98653348563
190 41 1.98651006625
191 41 1.98651006625
192 41 1.98653348563
192 534 1.9924456885
193 41 1.98651006625
194 41 1.98653348563
195 41 1.98651006625
196 41 1.98651006625
197 41 1.98652642635
197 3277 1.99045715086
198 41 1.98652485687
198 699 1.99868927247
198 4652 1.99619932306
199 41 1.98651006625
200 41 1.98650143749
200 699 1.99866585308
201 41 1.98650143749
201 699 1.99866585308
202 41 1.98653348563
203 4672 1.99305902075
203 41 1.98652968001
203 337 1.99973630644
204 41 1.98650393419
205 41 1.98649530543
205 534 1.99240750829
206 41 1.98652485687
206 7051 1.99081451718
206 699 1.99868927247
207 41 1.98653348563
208 41 1.98653348563
209 41 1.98652208361
209 2661 1.99975423028
209 534 1.99243428648
210 41 1.98651006625
211 409 1.99476954142
211 41 1.98651449032
211 1424 1.9897889813
211 3487 1.98919477538
211 345 1.99959990891
212 41 1.98653348563
213 41 1.98653348563
214 41 1.98650626063
214 534 1.9924184635
214 337 1.99971288705
215 41 1.98651006625
216 41 1.98651006625
217 41 1.98653348563
217 345 1.99961890423
218 7496 1.99542449561
218 41 1.98649673526
218 1450 1.99116423376
218 4580 1.99915614606
218 534 1.99240893813
219 41 1.9865265678
219 3894 1.99489777936
220 41 1.98652178698
220 3493 1.98670407102
220 409 1.99477683809
221 41 1.98652653724
221 534 1.9924387401
221 4583 1.99653618524
222 41 1.98652803614
222 534 1.992440239
222 638 1.99975238836
223 1720 1.99720255477
223 41 1.98648174829
223 699 1.99864616388
223 4652 1.99615621447
224 41 1.98653348563
225 41 1.98651006625
225 4652 1.99618453243
226 41 1.98650143749
227 41 1.98651006625
228 7744 1.99227459695
228 41 1.98648932808
228 4652 1.99616379426
228 585 1.99938037758
229 41 1.98653348563
230 41 1.98653348563
230 534 1.9924456885
231 41 1.98650143749
231 699 1.99866585308
232 6640 1.99333176502
232 41 1.98650615683
232 6952 1.99327070921
232 4790 1.99754634841
232 4369 1.99915500252
233 41 1.98651006625
234 41 1.98651006625
234 534 1.99242226911
235 6656 1.99641900733
235 2339 1.99316402417
235 2340 1.99273338036
235 3493 1.98665980248
235 41 1.98647751844
235 345 1.99956293704
235 3487 1.9891578035
236 41 1.98651006625
237 41 1.98651006625
237 4652 1.99618453243
238 7496 1.99541501591
238 41 1.98648725556
238 4652 1.99616172174
238 534 1.99239945842
238 585 1.99937830505
238 699 1.99865167115
239 41 1.98651006625
240 41 1.98652821568
240 3403 1.99411611459
240 534 1.99244041854
241 41 1.98653348563
242 41 1.98652642635
243 6656 1.99623666146
243 513 1.99810048866
243 3842 1.99787347543
243 2311 1.99435500933
243 7051 1.99058483287
243 1424 1.98956966355
243 534 1.99220737543
243 409 1.99455022368
243 6811 1.99545436644
243 1693 1.99545113562
243 3487 1.98897545763
243 2339 1.99298167829
243 2340 1.99255103448
243 3493 1.9864774566
243 3364 1.98937840228
243 41 1.98629517257
243 1450 1.99096267107
243 3887 1.99135425475
243 4018 1.989999118
243 6963 1.99297020337
243 699 1.99845958816
243 4672 1.99282451331
243 5202 1.99600471992
243 3417 1.9940976996
243 3441 1.9949058666
243 3830 1.99874120592
243 7744 1.99208044144
243 2297 1.99699594624
243 5882 1.9994374278
243 638 1.99951952478
244 41 1.9864990776
244 6491 1.99871561442
245 41 1.98651006625
245 534 1.99242226911
246 41 1.98652485687
246 699 1.99868927247
247 41 1.98651006625
248 41 1.9865068204
248 4557 1.9994319701
249 41 1.98648238859
249 4018 1.99018633402
249 3402 1.99162361771
249 534 1.99239459146
249 3441 1.99509308263
250 41 1.98649763187
251 41 1.98651006625
252 41 1.98652919314
253 41 1.98651006625
254 6952 1.99327154622
254 41 1.98650699384
254 4491 1.99906021733
254 3574 1.9997675055
254 7034 1.99423857662
254 3487 1.98918727891
255 41 1.98649693255
255 534 1.99240913541
256 41 1.98650143749
256 534 1.99241364036
257 41 1.98653348563
258 7496 1.99543402098
258 41 1.98650626063
258 4652 1.99618072681
258 534 1.9924184635
258 7744 1.9922915295
259 41 1.98651006625
260 41 1.98651006625
260 534 1.99242226911
261 41 1.98653348563
262 41 1.98651006625
263 4672 1.99303407857
263 2339 1.99319124356
263 2340 1.99276059975
263 41 1.98650473783
263 3887 1.99156382001
263 2323 1.99253092726
263 3487 1.9891850229
264 41 1.98651006625
265 6688 1.99593162688
265 41 1.98651670834
266 41 1.98651006625
267 41 1.98651006625
268 6688 1.99591885273
268 41 1.98650393419
268 534 1.99241613705
269 41 1.98653348563
270 41 1.98653348563
271 41 1.98651006625
272 3493 1.98662393642
272 41 1.98644165238
272 1450 1.99110915088
272 3277 1.99037237689
272 1424 1.98971614336
272 534 1.99235385524
272 699 1.99860606797
272 3402 1.9915828815
272 638 1.9996660046
272 3487 1.98912193744
273 6952 1.99328546827
273 41 1.98652091589
273 4395 1.9989624221
273 4703 1.99865376091
274 41 1.98651006625
274 585 1.99940111574
275 41 1.98651006625
276 41 1.98653348563
276 534 1.9924456885
277 7744 1.99222215009
277 3682 1.9445910972
277 6952 1.9932014336
277 41 1.98643688122
277 1424 1.9897113722
277 4369 1.99908572692
277 6963 1.99311191202
277 3894 1.99480809278
278 41 1.98651006625
279 41 1.98653348563
280 7496 1.99543169454
280 41 1.98650393419
281 4672 1.99298166568
281 2340 1.99270818685
281 41 1.98645232494
281 1450 1.99111982344
281 1424 1.98972681592
281 4018 1.99015627036
281 409 1.99470737604
281 2136 1.99678119921
281 3417 1.99425485197
282 4580 1.99910495354
282 4697 1.99943709941
282 7496 1.99537330309
282 41 1.98644554274
282 5068 1.9990199002
282 4653 1.99970279515
282 534 1.9923577456
282 585 1.99933659223
282 345 1.99953096133
282 4380 1.99954403986
282 4734 1.99953394572
283 41 1.98649763187
283 699 1.99866204747
284 41 1.98650393419
284 534 1.99241613705
285 1720 1.99721331836
285 41 1.98649251188
285 3682 1.94464672785
285 6491 1.9987090487
285 5322 1.99665480797
286 41 1.98650393419
286 534 1.99241613705
287 41 1.98649885447
287 3493 1.98668113851
287 337 1.9997054809
288 41 1.98650393419
288 534 1.99241613705
289 7496 1.99542138967
289 41 1.98649362932
290 3493 1.9866265043
290 41 1.98644422027
290 3402 1.99158544938
290 5068 1.99901857773
290 4018 1.9901481657
290 5276 1.99607393579
291 41 1.98651006625
292 41 1.98650393419
292 4652 1.99617840037
292 534 1.99241613705
293 409 1.99474548541
293 41 1.9864904343
293 5819 1.9973990641
293 513 1.99829575039
294 41 1.98651006625
295 41 1.98650367018
295 5689 1.99765989556
296 41 1.98651006625
297 6952 1.99326700254
297 41 1.98650245017
297 5322 1.99666474626
298 41 1.98651006625
299 41 1.98649514133
300 3364 1.98956778679
300 41 1.98648455708
300 3402 1.99162578619
300 4491 1.99903778056
300 3277 1.99041528159
300 4018 1.99018850251
300 1693 1.99564052013
301 41 1.98651006625
302 41 1.98651006625
303 3493 1.98664665395
303 41 1.98646436991
303 1450 1.99113186841
303 7051 1.99075403022
303 534 1.99237657278
303 3402 1.99160559903
303 1693 1.99562033297
303 3487 1.98914465497
304 41 1.98650626063
304 4652 1.99618072681
305 41 1.98650479629
305 2661 1.99973694296
306 41 1.98649394446
306 1693 1.99564990752
306 534 1.99240614733
306 3887 1.99155302664
307 7496 1.99543076732
307 41 1.98650300697
308 2323 1.99253302338
308 41 1.98650683395
308 2339 1.99319333968
309 41 1.98650393419
310 41 1.98653348563
311 41 1.98650012857
312 41 1.98651006625
313 41 1.9864968749
313 534 1.99240907777
313 3487 1.98917715997
314 41 1.98652735357
314 534 1.99243955643
315 41 1.98653086064
316 41 1.98651006625
317 41 1.98649600533
317 4018 1.99019995076
317 3487 1.98917629039
318 41 1.98652821568
318 2661 1.99976036234
319 4672 1.9930353474
319 41 1.98650600666
319 1450 1.99117350516
319 6286 1.99582864926
319 3417 1.99430853369
319 2493 1.99925554963
320 7496 1.99539554648
320 41 1.98646778613
320 5322 1.99663008222
320 4652 1.99614225231
321 2339 1.99308459871
321 3364 1.98948132269
321 3493 1.98658037702
321 2311 1.99445792975
321 41 1.98639809298
321 1450 1.99106559149
321 3403 1.9939859919
321 1424 1.98967258396
321 3441 1.99500878702
321 4018 1.99010203841
321 534 1.99231029585
321 409 1.99465314409
321 2297 1.99709886665
321 3487 1.98907837805
322 41 1.98646801369
322 699 1.99863242928
322 4652 1.99614247987
322 534 1.99238021656
322 2340 1.99272387561
323 41 1.98652735357
324 41 1.98649763187
324 699 1.99866204747
324 4652 1.99617209806
325 41 1.9864825236
325 699 1.99864693919
325 534 1.99239472647
325 337 1.99968915002
325 585 1.9993735731
326 7496 1.99543169454
326 41 1.98650393419
326 4652 1.99617840037
326 534 1.99241613705
327 41 1.98651006625
327 3682 1.94466428222
328 41 1.98651006625
329 41 1.98653348563
329 534 1.9924456885
330 41 1.98651006625
331 41 1.98651006625
331 361 1.99950364345
331 585 1.99940111574
332 41 1.98652056438
332 699 1.99868497997
332 361 1.99951414158
332 534 1.99243276724
332 585 1.99941161387
333 6656 1.99630980264
333 2311 1.99442815052
333 7051 1.99065797406
333 1424 1.98964280474
333 2323 1.99239450319
333 3417 1.99417084079
333 3487 1.98904859882
333 2340 1.99262417567
333 3493 1.98655059779
333 41 1.98636831376
333 3887 1.99142739594
333 4018 1.99007225918
333 6963 1.99304334456
333 3894 1.99473952532
333 5689 1.99752453913
333 7744 1.99215358262
333 3402 1.99150954287
333 3403 1.99395621267
333 3277 1.99029903827
333 3364 1.98945154347
333 4703 1.99850115877
333 6640 1.99319392194
334 41 1.98652653724
334 4583 1.99653618524
335 7768 1.99940718548
335 41 1.98650290826
336 41 1.98651006625
337 640 1.99970675499
337 642 1.99971288705
337 515 1.99971288705
337 4182 1.99973630644
337 520 1.99971288705
337 139 1.99971288705
337 258 1.99971288705
337 2541 1.99895125525
337 528 1.9997042583
337 131 1.99973630644
337 535 1.99969796213
337 536 1.99969894486
337 283 1.9997042583
337 668 1.99970563534
337 3741 1.99967818021
337 287 1.9997054809
337 1824 1.99953195526
337 418 1.99970675499
337 552 1.99970052024
337 425 1.9997042583
337 4525 1.99972910751
337 304 1.99971288705
337 178 1.99973017437
337 692 1.99962109076
337 311 1.99970675499
337 4283 1.99973630644
337 1343 1.99947609936
337 578 1.9997042583
337 324 1.9997042583
337 325 1.99968915002
337 7496 1.99523887892
337 203 1.99973630644
337 589 1.9996999658
337 78 1.99971288705
337 4687 1.99966429368
337 593 1.99971288705
337 214 1.99971288705
